# x8 trim points

## 1.
# Initial conditions
Va: 33 # kts
AoA: 2.207210047194222
gamma: 0.0
# required command inputs to maintain initial states
throttle: 0.1295140984102726
elevator: 0.04056854175434672
aileron: -4.288236432614667e-15
rudder: 0.0