
Severity: off
  successes:
    roll: 1.0
    pitch: 1.0
  roll_mse: 0.002433387334450065
  pitch_mse: 0.00032712216484489246
  ss_errors:
    roll: 0.010781000349209431
    pitch: 0.00481383455609641
  settling_times:
    roll: 0.12222222222222223
    pitch: 0.025555555555555554
  rise_times:
    roll: 0.2222222222222222
    pitch: 0.9344444444444444
  overshoots:
    roll: 96.10966988533491
    pitch: 86.62422201260296
  angular_var:
    r: 0.006981790051337874
    p: 0.016810462533751652
    y: 0.028695453530361136
  control_var:
    roll: 0.0010795812601961138
    pitch: 0.015206229970501396
