
Severity: off
  successes:
    roll: 1.0
    pitch: 1.0
  roll_mse: 0.0022886791023943634
  pitch_mse: 0.00035177305489013215
  ss_errors:
    roll: 0.010781000349209431
    pitch: 0.00481383455609641
  settling_times:
    roll: 0.12222222222222223
    pitch: 0.025555555555555554
  rise_times:
    roll: 0.2222222222222222
    pitch: 0.9344444444444444
  overshoots:
    roll: 96.10966988533491
    pitch: 86.62422201260296
  angular_var:
    r: 0.006891338145414268
    p: 0.018142155077902553
    y: 0.026728573581362894
  control_var:
    roll: 0.0010208274894369584
    pitch: 0.015980733327777195
