
Severity: severe
  successes:
    roll: 0.2222222222222222
    pitch: 0.2222222222222222
  roll_mse: 0.11783611358154682  pitch_mse: 0.027628912554247008  ss_errors:
    roll: 0.06662596603947234
    pitch: 0.043908611987819125
  settling_times:
    roll: 3.281111111111111
    pitch: 3.2333333333333334
  rise_times:
    roll: 0.6866666666666666
    pitch: 0.2644444444444444
  overshoots:
    roll: 79.77510621929974
    pitch: 302.9612606167559
  angular_var:
    r: 0.4680470673725881
    p: 0.8786814193827351
    y: 0.5774858016869491
  control_var:
    roll: 0.060402520335180385
    pitch: 0.15251171191920457
